[d3d9]
menu_x=400
menu_y=300
SpreadToggle=F1
SmoothToggle=F5
smooth=39.000000
boneMode=4
fov=1.500000
spreadFOV=2.000000
